1
1
1
1
2
2
2
3
4
1
1
5
5
6
7
8
9
9
9
9
8
3
3
8
10
11
12
3
3
3
11
13
10
3
4
9
9
10
10
10
10
14
14
14
14
15
16
16
17
18
19
19
4
10
20
20
14
1
9
9
10
10
21
22
23
24
10
25
26
27
28
29
30
25
31
32
24
33
27
8
26
26
34
8
27
34
32
17
28
27
28
35
36
32
32
8
1
22
25
31
30
30
32
26
31
37
31
31
27
27
27
38
39
39
39
40
40
41
41
41
41
41
41
41
41
41
42
42
43
44
45
45
45
45
45
45
45
45
45
45
45
45
45
45
45
45
45
45
45
45
45
45
45
45
45
45
45
45
45
45
45
45
45
45
45
46
47
48
49
49
49
50
51
49
39
49
52
52
52
52
52
52
53
53
53
54
55
56
52
52
57
53
58
58
56
53
59
59
53
60
61
53
62
62
58
53
61
62
62
63
63
62
61
53
63
53
64
64
63
61
62
53
53
53
62
62
53
62
53
62
62
62
62
62
62
53
53
62
62
53
62
65
65
65
66
66
53
62
61
67
62
62
62
62
62
62
62
62
68
61
61
61
62
62
62
62
62
62
53
62
62
62
62
53
62
62
61
61
58
68
53
53
62
62
62
62
60
69
62
70
68
71
72
62
53
53
62
62
62
62
62
62
73
53
68
62
62
59
74
64
68
53
74
73
73
73
75
73
63
63
69
73
66
63
63
76
62
53
63
69
53
63
65
53
66
53
77
61
61
61
61
73
78
69
79
79
80
80
80
80
80
80
81
50
82
82
82
83
84
85
86
83
87
88
89
85
90
91
92
93
94
95
96
97
98
99
100
100
101
102
103
104
105
106
107
108
109
110
111
112
113
114
115
116
117
118
119
120
85
121
122
123
124
125
126
126
127
126
126
126
128
126
129
130
131
132
127
133
134
135
136
137
138
139
131
140
141
142
143
144
145
146
147
148
149
150
151
152
153
145
154
155
156
157
158
159
160
161
162
161
163
164
165
166
167
149
150
149
168
169
170
144
171
172
145
172
173
174
175
176
171
177
178
179
180
150
178
181
149
149
182
150
183
183
184
176
180
185
186
187
188
189
190
191
192
193
194
184
150
195
196
197
197
198
199
200
201
201
201
202
203
204
205
206
207
208
208
199
209
209
209
209
209
210
210
210
210
210
210
210
210
210
210
211
212
213
214
214
215
216
217
217
214
217
214
214
218
219
220
217
217
217
217
217
217
217
217
217
214
216
221
222
223
224
224
225
221
226
227
218
224
224
214
214
228
218
229
230
216
230
230
231
224
224
214
214
220
232
233
230
230
220
220
234
224
224
224
224
224
224
224
224
224
224
224
224
224
224
224
224
214
214
219
235
230
219
235
219
212
212
212
212
212
212
212
212
212
236
212
212
212
212
212
236
212
212
212
212
212
212
212
212
212
212
212
212
237
238
239
240
241
242
243
244
245
246
247
248
249
249
250
249
251
252
128
253
126
126
126
126
126
128
126
128
128
126
254
126
126
253
253
126
126
126
126
126
126
126
126
126
126
126
126
126
143
255
138
256
257
258
258
258
258
258
258
258
258
258
258
258
258
258
258
259
260
261
262
263
170
170
170
189
264
265
266
170
266
266
267
268
269
268
270
271
272
273
274
275
268
149
276
277
170
278
150
279
280
184
181
183
170
181
281
170
282
283
150
184
194
150
284
170
282
180
285
286
170
150
145
144
189
287
288
289
150
286
290
286
278
170
291
292
281
293
294
295
278
150
296
297
269
170
171
170
298
150
299
300
283
170
299
178
144
170
144
181
301
302
303
304
305
306
307
308
85
303
309
303
310
303
303
303
303
303
307
303
303
303
311
303
303
303
312
303
313
303
307
303
314
315
303
310
316
303
306
306
85
317
318
306
319
320
321
322
303
323
303
302
310
313
321
303
324
325
325
326
327
325
325
326
328
326
327
327
329
330
325
324
328
324
328
326
131
257
331
332
333
334
335
335
333
336
337
335
338
339
62
62
62
62
339
339
62
62
62
62
339
339
339
339
339
339
62
62
62
62
62
62
62
62
340
341
342
342
41
343
65
65
65
65
65
65
65
65
65
65
65
65
41
41
65
343
65
65
65
65
65
344
345
147
346
346
347
348
349
350
351
352
353
354
253
257
257
257
257
257
257
257
253
253
126
253
126
126
257
355
257
126
257
257
126
257
253
253
253
253
126
126
126
126
126
126
126
257
126
126
257
257
253
253
253
257
257
257
356
126
357
358
359
258
258
258
258
258
258
258
258
258
258
258
258
258
258
258
258
258
258
258
258
258
258
258
258
258
258
258
258
258
258
258
258
258
258
258
360
361
362
363
364
365
366
367
368
369
370
371
372
373
374
375
376
212
212
212
212
212
212
377
378
379
379
379
380
381
382
383
384
375
385
385
386
387
387
387
375
212
212
212
212
388
389
390
391
391
391
391
391
391
391
392
393
199
199
199
199
199
199
199
199
199
199
199
199
199
85
394
395
396
397
398
399
396
400
400
401
402
402
403
402
404
404
405
406
406
407
408
409
410
411
412
409
413
414
415
416
417
418
416
411
419
416
418
420
411
421
422
423
424
416
410
425
426
427
428
429
430
431
422
432
433
431
434
410
415
435
436
437
416
409
438
439
410
416
440
441
418
442
441
442
443
418
444
416
445
446
416
447
416
448
441
449
433
415
410
416
409
410
410
450
416
416
451
447
452
444
422
410
426
422
453
426
416
416
416
454
455
456
452
409
457
441
416
418
458
459
460
461
462
416
431
463
464
416
409
465
466
457
435
428
431
426
416
466
447
415
466
410
447
446
423
416
416
467
468
462
416
409
450
418
469
447
432
415
433
470
466
422
422
127
438
416
465
447
471
455
466
432
447
140
472
466
424
473
447
127
474
127
475
474
127
474
431
456
424
422
466
409
456
416
476
456
452
426
416
447
440
477
428
428
478
409
416
416
441
470
431
455
416
416
427
416
456
475
458
447
416
479
416
444
410
416
412
416
433
436
426
409
416
409
410
441
416
464
447
429
412
409
480
429
481
409
428
441
439
431
482
440
477
483
466
416
484
447
485
409
446
466
486
409
487
416
484
461
410
461
452
422
429
481
488
439
481
487
456
418
409
441
489
454
490
491
492
447
427
441
416
423
416
456
410
441
466
425
416
424
447
423
442
439
458
442
412
493
423
447
477
441
494
426
458
428
424
439
428
484
456
464
481
466
447
426
416
495
473
416
447
441
447
464
496
410
416
497
465
423
484
456
429
442
416
416
456
409
409
416
428
441
498
496
441
428
416
418
456
484
416
447
498
409
481
410
488
499
484
477
416
409
416
446
500
501
409
465
501
440
447
442
447
416
416
409
416
418
416
416
416
437
423
416
416
409
465
447
410
428
456
410
428
410
409
409
412
428
428
423
446
447
502
416
416
416
416
426
416
418
423
446
416
416
416
416
436
440
435
428
440
416
416
416
416
424
426
446
409
423
447
410
442
485
429
412
412
416
441
426
503
447
441
504
447
416
409
465
410
411
447
416
454
423
446
456
412
412
452
416
416
409
447
447
409
409
410
425
416
426
426
428
416
409
447
447
428
501
409
465
423
465
140
496
487
441
447
484
474
464
464
481
464
481
505
446
422
416
441
447
439
496
422
412
441
506
507
473
474
495
508
509
446
422
454
490
451
481
481
447
415
422
458
422
462
429
487
467
454
127
418
447
456
441
510
416
456
410
424
490
140
439
447
469
452
470
511
446
440
409
410
512
513
416
450
423
409
418
514
423
416
423
423
515
456
502
516
517
410
518
518
519
456
520
521
522
523
524
416
417
417
410
525
526
527
528
309
417
529
446
530
418
531
532
456
533
534
521
535
444
417
536
456
451
417
518
537
456
538
539
418
417
423
450
410
540
541
542
543
446
544
409
485
444
416
416
512
415
545
409
418
546
417
417
538
547
423
446
426
410
426
446
456
412
416
410
502
548
446
409
423
428
502
549
550
551
538
548
520
552
553
416
426
426
456
426
446
416
451
418
518
554
446
416
416
446
456
409
416
416
555
410
423
456
415
416
410
410
556
423
557
426
416
524
456
558
559
560
559
559
559
561
562
502
555
446
416
426
423
417
520
518
563
409
446
417
417
564
565
416
410
566
423
567
568
569
416
465
512
570
423
456
518
417
518
456
416
571
410
572
446
410
573
428
416
520
574
575
576
446
577
456
426
446
446
520
578
417
450
409
416
446
446
416
416
579
518
428
446
446
446
410
426
555
580
534
581
582
516
410
583
538
417
417
426
502
584
428
428
415
416
416
585
416
416
586
587
417
417
456
588
409
410
423
589
417
416
423
590
591
446
521
592
417
410
416
446
423
446
593
520
446
518
518
423
548
520
446
446
426
418
446
540
416
410
594
417
423
595
596
423
518
416
456
410
456
502
465
456
456
416
548
597
598
409
599
600
601
545
562
428
602
603
604
517
521
446
416
417
456
417
417
605
606
520
417
417
417
417
454
607
608
426
609
610
423
555
