1
2
2
3
4
5
6
7
8
9
10
11
12
13
14
13
13
15
16
13
17
18
19
20
2
21
2
2
22
13
13
23
15
14
5
24
25
26
27
28
29
30
31
32
33
34
35
36
37
38
39
40
41
42
43
44
44
45
46
46
46
46
46
33
45
47
48
49
47
50
28
51
51
52
53
54
55
56
57
58
25
58
59
60
61
60
62
63
64
65
66
41
67
68
69
70
71
72
70
73
74
75
76
77
78
79
80
61
81
82
83
20
84
2
85
85
85
85
85
85
85
63
86
61
61
61
61
61
87
61
88
87
47
36
46
89
61
90
89
91
92
93
41
94
61
64
36
71
95
96
95
97
98
99
100
101
25
102
103
8
104
104
105
104
104
104
37
104
104
104
104
106
107
108
66
104
104
109
105
17
106
110
107
17
101
17
111
25
112
113
17
101
114
115
34
71
103
116
8
69
117
113
118
69
119
120
121
122
123
34
124
125
126
127
128
129
130
131
132
133
134
135
136
137
137
137
137
138
138
139
140
141
142
143
20
144
20
2
20
20
145
145
2
76
76
146
147
148
147
147
147
147
147
147
25
79
2
61
56
61
68
149
150
72
151
152
61
71
153
154
155
79
156
2
144
2
157
157
157
158
118
159
160
161
162
163
94
108
163
68
164
165
61
166
164
167
131
41
168
116
95
151
169
170
171
58
58
172
8
173
34
174
174
116
175
61
116
116
116
116
176
177
26
178
75
179
180
70
49
25
181
78
126
182
183
184
71
73
185
71
75
185
25
186
187
73
188
41
46
185
41
83
71
189
75
190
191
192
71
79
126
181
193
131
126
71
188
188
131
153
25
75
75
162
194
195
69
69
196
197
198
170
152
188
6
199
6
67
71
155
200
201
202
71
125
36
203
71
14
9
204
75
160
205
96
206
207
108
208
112
97
2
169
209
209
103
210
211
61
64
116
212
213
162
211
19
146
214
215
216
182
191
61
87
116
116
116
116
116
116
46
73
73
217
217
137
218
73
73
73
86
86
219
73
93
73
220
73
46
62
33
221
222
223
222
222
223
71
224
71
84
2
2
2
2
2
2
2
225
225
226
225
226
227
226
226
81
226
206
222
2
2
79
29
228
217
224
229
224
87
87
193
230
231
47
232
160
160
160
233
213
167
131
103
87
108
234
132
83
61
82
11
52
105
46
69
57
57
57
195
195
195
169
58
68
215
235
38
236
227
227
227
237
209
209
238
64
239
5
240
33
135
171
25
131
241
200
242
200
243
200
52
244
143
245
89
246
245
146
48
36
204
99
97
247
248
249
99
250
251
36
252
211
72
69
72
252
29
253
46
94
32
103
254
99
255
256
257
250
258
32
258
258
259
255
260
250
76
260
76
214
214
29
212
261
72
251
32
123
257
97
41
262
41
263
162
60
94
162
264
155
155
265
266
55
55
55
267
268
269
270
271
272
273
235
125
229
38
30
274
29
30
251
275
2
200
34
270
206
220
220
276
75
75
220
277
27
32
27
274
36
211
278
279
4
280
66
27
281
282
283
72
141
253
27
29
52
279
279
131
279
46
68
124
284
72
285
72
283
279
286
287
170
5
94
89
288
41
289
290
290
291
292
293
8
5
294
295
9
49
49
186
41
131
49
36
211
49
49
47
27
38
99
60
296
5
251
36
248
60
272
38
267
2
82
82
32
27
32
297
89
214
82
82
76
298
32
299
32
227
300
301
302
303
304
134
82
30
29
19
29
261
89
14
305
305
288
288
217
306
48
130
97
123
169
171
307
72
72
308
36
25
305
75
69
34
230
74
309
4
89
261
62
310
89
106
163
311
2
312
236
313
314
312
126
2
297
315
33
274
274
316
233
211
115
317
318
318
319
15
27
64
283
33
220
29
30
34
5
320
231
261
261
261
108
30
29
19
311
233
321
322
214
322
214
41
72
323
40
324
205
27
227
317
325
261
89
4
14
269
318
317
261
3
26
279
306
97
248
251
33
33
32
79
32
32
32
220
64
326
251
2
221
32
4
7
2
209
209
296
251
27
297
327
95
2
283
4
8
106
11
2
328
41
311
329
3
251
27
32
251
297
220
330
331
99
3
262
68
106
304
162
29
211
176
332
213
62
259
333
187
334
77
212
1
335
2
208
336
337
338
338
339
58
34
200
340
171
341
314
160
138
137
137
342
282
103
2
2
2
2
2
2
2
211
343
89
75
252
344
73
61
94
183
186
345
8
258
258
34
174
174
174
8
96
339
174
174
110
96
120
309
346
34
95
15
326
326
326
15
347
348
241
241
348
348
349
13
13
46
291
231
4
350
88
351
68
46
44
126
29
352
2
353
14
2
338
338
338
289
338
354
2
275
355
354
258
95
13
13
13
13
356
356
103
99
357
99
105
99
79
358
105
352
359
267
267
267
267
76
46
69
17
220
220
76
312
29
2
73
220
17
336
9
360
267
2
76
30
30
68
25
120
361
17
267
267
351
17
362
25
363
8
30
2
267
241
97
2
267
267
28
267
25
69
75
364
338
365
364
79
366
334
61
367
126
141
309
309
155
78
334
368
369
137
148
137
148
33
188
183
185
360
370
370
29
312
61
10
49
371
61
61
366
366
372
372
349
373
374
374
375
41
61
371
61
371
376
154
69
377
378
69
283
283
368
368
33
33
33
379
379
380
283
69
309
309
78
309
235
309
9
381
373
373
373
381
373
370
382
322
225
227
383
384
383
384
383
385
386
384
382
383
386
382
382
382
382
382
382
382
382
46
212
29
29
29
366
366
387
283
47
33
126
388
29
389
390
389
389
389
199
289
334
334
191
289
322
322
322
391
392
392
393
393
393
393
393
393
99
184
184
32
4
44
106
331
73
389
389
390
389
40
40
34
208
68
68
338
338
75
57
71
78
334
334
334
148
148
394
392
392
392
392
392
392
389
148
148
389
390
148
389
390
390
390
389
148
147
147
148
184
184
184
184
184
71
2
395
148
56
389
389
389
389
389
389
390
389
389
389
389
390
390
390
147
148
147
147
388
384
229
126
396
335
335
335
335
396
383
52
343
29
72
118
257
257
257
397
398
14
98
257
257
257
126
14
11
135
231
334
79
358
189
41
41
6
399
246
142
34
348
400
2
399
37
348
401
348
2
348
402
241
401
348
170
217
401
241
348
403
404
348
348
34
348
405
406
348
407
404
340
340
162
348
105
408
2
348
309
66
4
358
407
348
162
219
404
4
409
89
358
410
411
43
310
34
412
46
358
2
358
2
312
413
358
414
186
358
414
231
415
416
380
125
61
383
2
224
224
224
417
418
285
348
4
419
420
241
421
170
422
170
170
421
421
422
423
424
425
98
401
66
426
340
340
427
348
403
340
340
340
28
428
129
429
430
431
83
71
67
338
7
71
61
61
432
348
108
433
434
105
41
435
358
2
6
2
404
259
69
375
436
274
368
36
49
103
189
189
131
375
131
167
259
61
407
348
349
107
94
349
348
348
107
349
349
348
348
348
348
348
148
148
148
148
349
348
348
349
46
348
241
348
348
348
348
348
348
437
282
103
103
103
103
342
103
103
2
437
282
282
347
103
437
103
437
2
103
282
103
159
103
103
59
43
103
103
103
259
437
103
103
259
259
259
259
259
259
259
289
259
259
259
259
259
289
59
289
259
289
259
259
289
438
241
241
439
430
430
430
430
10
430
430
25
28
440
28
108
28
28
441
442
442
442
443
208
208
443
108
108
108
108
108
108
108
208
108
108
208
208
208
108
208
208
208
108
208
208
259
259
259
259
289
259
259
259
259
259
289
259
259
259
444
444
445
201
201
444
446
444
24
24
444
446
446
446
446
447
447
447
447
75
447
448
75
75
448
75
75
447
75
75
447
448
17
75
17
448
448
449
17
449
449
449
449
114
449
114
449
114
449
103
450
424
449
103
160
160
160
160
281
281
281
281
281
281
451
35
451
452
417
35
453
454
289
454
455
456
457
458
459
459
455
218
218
460
289
461
462
461
461
461
259
289
259
259
387
289
289
259
259
461
462
450
450
450
450
424
424
424
450
450
450
450
424
387
103
424
450
450
450
424
424
103
103
424
98
387
463
463
387
464
464
258
98
103
103
258
98
258
465
232
258
465
258
232
465
466
258
232
466
258
232
258
113
232
467
466
232
177
232
465
468
468
113
113
232
258
258
241
469
177
241
241
241
241
349
241
470
470
470
471
472
471
471
471
472
472
472
289
259
289
289
289
289
259
259
259
259
259
289
259
259
43
259
103
148
323
470
473
103
103
98
437
43
259
259
348
259
259
259
348
259
259
259
2
102
348
102
348
148
148
148
148
148
148
148
148
148
148
148
148
148
148
148
148
349
349
349
348
148
348
148
469
474
148
475
476
477
478
478
479
478
478
2
478
357
435
435
132
2
131
478
41
478
480
480
478
357
454
481
478
132
435
478
435
480
482
482
9
483
9
454
454
484
454
485
482
177
486
9
486
484
486
486
177
482
454
467
177
9
177
467
349
349
487
488
487
489
154
417
490
279
279
491
279
492
490
493
491
494
79
493
488
79
491
491
493
488
494
493
495
493
79
495
348
349
349
349
348
406
406
496
497
497
14
406
498
461
172
172
172
499
500
501
502
496
496
249
75
99
503
75
504
99
249
99
249
505
99
503
99
506
507
289
506
506
508
509
509
82
82
82
419
148
349
94
349
349
148
148
349
148
172
510
289
259
424
510
511
510
510
510
512
243
513
424
103
243
514
513
515
516
516
172
172
186
172
300
186
108
424
424
424
98
98
424
208
424
108
108
208
517
201
455
518
519
519
520
455
103
521
519
430
430
519
333
259
98
103
522
437
43
103
43
437
103
468
424
103
28
98
43
28
98
28
28
28
28
28
343
28
28
28
28
160
28
28
523
28
523
28
143
343
385
281
246
160
524
525
246
523
229
35
526
452
343
229
521
525
525
527
246
198
528
529
9
9
9
9
307
9
344
529
529
529
236
300
530
300
79
488
493
433
387
387
387
531
531
387
300
300
433
91
530
530
300
530
293
532
532
533
534
293
535
536
310
537
538
263
539
539
539
539
539
539
533
533
539
433
300
433
531
242
91
433
6
6
345
6
540
104
497
497
541
541
406
541
14
498
406
497
540
102
498
14
498
498
498
498
498
498
498
498
498
498
498
498
498
498
498
498
498
498
542
498
543
89
544
89
545
125
546
547
544
397
125
533
397
533
422
170
422
465
386
465
539
533
533
548
231
539
539
499
548
549
548
125
549
549
549
550
397
551
13
125
397
231
545
125
27
397
125
27
544
89
551
89
178
125
89
229
465
293
535
534
534
263
535
108
552
552
552
108
552
108
108
108
108
108
553
108
108
554
108
108
554
554
554
554
554
554
554
108
554
554
555
556
557
558
554
555
555
543
468
554
465
533
465
108
208
543
432
108
108
108
184
208
208
108
108
556
108
224
468
543
432
468
113
113
293
559
559
560
236
293
534
263
115
561
250
113
250
293
62
250
250
250
250
250
250
250
250
250
250
562
250
250
250
250
250
250
250
250
250
250
250
250
563
563
564
564
507
565
507
566
567
507
537
263
537
565
263
310
263
263
263
565
263
263
403
536
263
403
534
568
263
310
561
293
170
98
422
170
170
170
170
170
170
170
170
170
170
569
560
570
571
569
224
224
572
289
569
569
569
569
569
2
2
259
2
572
259
259
259
289
259
259
289
259
289
289
259
289
573
289
259
574
575
576
574
577
573
573
573
422
573
170
25
422
98
422
170
422
98
170
422
170
422
422
422
422
170
98
535
566
170
98
263
50
538
578
293
578
263
534
166
579
560
560
166
560
166
580
581
581
580
581
560
580
580
560
582
3
580
580
583
560
582
584
585
582
582
582
586
582
582
587
585
567
585
508
507
138
509
112
402
509
588
506
74
589
507
138
402
506
589
509
138
590
591
591
589
506
588
428
428
534
112
567
112
592
559
9
534
263
534
537
82
82
82
433
200
387
433
433
408
475
475
349
94
349
349
593
594
537
565
535
535
537
594
595
595
596
595
594
593
597
594
598
594
596
594
594
599
594
598
598
596
599
597
597
594
594
598
333
599
596
596
596
333
333
600
601
333
333
333
333
333
333
333
333
333
333
333
602
600
602
602
601
601
601
602
601
602
603
601
498
602
82
82
307
82
559
529
9
559
307
559
307
559
604
313
604
559
604
307
605
559
198
604
606
606
606
606
606
606
606
467
89
607
467
607
608
608
608
89
178
291
125
291
291
291
89
125
89
148
82
349
148
82
148
82
82
82
349
82
82
349
94
148
349
348
609
587
357
579
357
610
170
162
170
162
162
170
410
349
7
7
2
611
2
543
609
433
463
433
433
433
433
612
178
607
433
608
607
433
89
349
89
89
545
125
89
184
547
547
547
231
89
125
547
89
89
89
89
291
148
89
125
148
349
148
349
569
570
570
108
498
560
560
560
560
560
613
560
560
560
108
498
498
449
449
498
172
449
259
449
259
449
449
259
289
259
614
408
259
614
509
615
293
93
6
2
82
236
198
419
307
307
559
198
567
172
616
617
418
618
418
328
289
259
224
341
289
289
259
259
259
289
120
571
571
570
570
570
570
341
341
433
341
341
341
619
619
113
543
543
387
363
120
516
620
564
516
516
620
620
564
564
621
622
387
621
621
468
621
623
624
623
543
543
622
622
622
622
622
622
622
622
625
339
349
348
433
348
432
622
609
626
433
463
433
433
387
387
387
91
433
627
349
349
349
349
29
628
629
537
628
115
630
537
115
293
627
115
631
632
324
633
634
199
418
629
324
324
635
244
577
633
636
199
199
633
629
244
199
478
637
324
244
575
633
638
199
244
478
2
435
478
166
435
435
357
610
478
610
478
357
402
506
162
162
639
639
639
640
640
172
527
172
172
172
172
172
172
172
172
461
172
461
172
172
172
172
172
172
172
172
641
618
418
642
418
618
541
345
13
27
14
406
231
104
643
102
551
14
551
409
345
409
89
89
409
102
409
89
345
110
110
644
645
196
300
2
302
129
129
259
646
91
292
626
433
647
325
300
645
626
648
292
259
259
387
649
259
259
289
289
259
259
259
289
289
259
289
289
259
259
259
259
259
259
259
259
259
245
259
259
245
244
650
651
652
244
650
103
245
244
608
653
653
516
564
516
564
654
563
564
654
654
513
411
345
655
581
89
231
345
409
89
345
110
345
14
656
177
657
656
467
658
9
177
177
657
9
467
177
150
656
656
191
467
177
659
103
387
91
612
91
91
387
387
91
387
433
463
408
387
387
463
91
387
387
387
91
387
309
175
357
357
41
435
357
660
661
91
289
662
662
663
660
664
503
664
503
665
99
99
433
666
510
510
510
667
668
499
501
669
670
501
501
668
671
668
668
668
672
243
243
673
243
243
243
243
674
243
674
674
421
514
514
514
514
674
515
513
103
421
200
675
200
349
200
349
94
349
349
94
349
348
349
349
349
349
348
349
28
28
520
676
246
529
307
677
513
513
677
243
677
103
512
513
513
103
396
103
429
138
506
509
586
586
582
422
170
162
162
162
678
162
678
162
264
162
162
162
357
679
610
509
509
587
678
678
509
170
162
162
651
429
680
680
680
429
429
429
680
429
429
429
584
337
417
259
259
289
259
289
177
467
467
218
681
519
462
461
461
281
59
289
289
289
259
259
259
543
289
59
59
289
289
259
259
620
2
468
468
105
432
2
543
432
433
432
468
468
113
439
682
438
438
430
430
103
470
103
103
103
103
98
98
103
43
437
103
437
103
259
2
289
259
2
7
300
683
300
684
430
430
430
430
430
430
685
685
685
685
574
685
685
685
686
516
687
563
506
10
41
41
41
171
440
108
448
75
314
410
314
449
614
259
2
614
427
427
688
2
2
688
15
235
235
235
689
110
689
309
172
689
688
690
691
691
691
235
691
172
172
172
172
644
172
644
644
98
110
110
110
110
110
110
644
110
110
110
110
110
110
110
110
644
110
110
644
110
110
314
98
98
387
98
175
91
387
175
359
359
175
306
359
692
306
175
417
175
306
306
249
693
359
693
693
693
692
692
417
692
490
491
487
417
417
417
154
543
543
564
110
110
110
99
661
664
664
529
307
450
363
2
424
450
424
450
424
450
103
450
424
450
450
236
694
236
246
695
696
697
246
30
218
698
699
700
424
424
701
148
148
148
193
702
148
703
450
424
424
344
236
236
344
236
704
705
705
126
706
707
708
709
252
341
710
711
90
28
712
713
714
2
239
33
221
239
19
19
19
417
360
715
126
676
716
341
717
341
28
718
341
341
341
341
341
341
341
259
259
259
662
664
243
243
512
243
503
429
664
680
429
22
252
247
99
503
664
22
664
289
259
259
259
289
259
259
259
289
259
587
259
259
259
289
510
510
510
514
507
587
496
662
411
719
562
654
654
564
411
563
411
411
563
563
563
513
243
512
243
677
515
720
421
515
243
720
513
421
513
513
677
513
680
229
721
721
252
252
160
722
722
723
457
518
29
527
35
527
229
30
499
724
30
721
724
725
726
726
726
726
726
695
667
727
695
712
510
510
500
510
501
499
502
510
510
501
502
510
510
510
510
510
509
170
162
685
6
685
224
684
562
75
402
562
402
91
662
430
75
687
506
433
433
509
612
567
509
268
728
200
339
625
349
587
590
509
428
309
309
729
359
348
200
339
675
94
94
300
598
470
470
471
191
466
103
678
344
564
685
685
411
418
563
74
402
440
440
10
449
449
614
614
614
730
730
730
408
730
309
267
267
314
685
80
684
731
198
9
529
307
198
307
236
259
664
663
503
289
259
289
510
510
510
662
200
436
408
247
425
247
660
655
663
661
664
503
524
521
454
656
483
467
9
498
498
498
498
498
498
108
108
208
108
108
208
108
108
224
571
685
387
41
675
200
728
199
685
563
687
732
282
562
430
436
408
436
685
159
349
733
734
735
736
564
143
90
349
349
474
474
474
348
148
349
241
684
737
325
704
738
700
527
739
229
52
716
739
700
35
740
741
705
742
716
37
743
527
744
527
417
564
564
411
745
654
654
684
654
622
624
700
620
218
746
622
113
622
620
433
543
619
619
620
432
433
432
387
433
433
433
468
468
432
468
433
468
609
468
468
468
747
747
468
113
468
432
432
113
748
91
69
747
747
747
747
747
747
747
747
747
747
461
282
461
461
461
289
461
103
349
241
349
241
349
348
349
349
349
241
349
349
349
349
241
349
349
241
348
348
148
348
241
241
241
241
474
469
108
478
41
41
132
2
167
167
349
478
132
559
559
749
749
14
43
729
259
626
558
750
186
72
38
749
729
749
751
749
749
751
752
38
729
752
89
281
160
424
397
103
450
160
281
281
281
160
753
218
160
241
241
56
259
419
558
419
557
170
543
419
259
259
289
259
543
224
170
259
105
543
754
468
558
468
433
224
598
626
598
754
754
302
43
410
755
72
98
98
98
108
88
160
463
242
754
598
463
756
755
302
463
99
664
513
513
720
720
72
72
513
99
757
72
22
99
661
513
720
720
170
170
170
289
558
434
513
758
758
443
98
443
759
242
760
98
43
98
750
98
98
61
68
761
258
151
96
96
96
96
243
96
289
762
74
117
330
330
763
98
515
677
450
224
103
764
420
765
252
252
766
241
241
241
241
241
420
420
420
148
420
420
420
420
420
148
420
420
2
420
14
2
14
14
14
27
767
768
14
14
14
768
170
769
420
286
330
330
287
180
770
771
286
286
772
773
420
774
767
774
170
286
285
285
775
776
285
14
2
170
170
170
286
170
774
7
170
231
422
420
420
170
420
420
420
170
170
170
285
285
420
420
420
330
330
330
286
774
2
14
767
27
27
768
777
777
170
286
776
776
776
775
774
778
73
70
779
432
780
132
263
564
413
413
413
413
564
413
13
781
139
252
360
14
432
88
782
275
413
206
753
206
206
518
783
784
753
518
722
785
785
784
784
415
786
46
46
787
13
46
771
286
788
287
763
763
285
286
80
286
789
790
791
792
793
229
794
795
796
797
798
799
800
801
802
707
803
804
805
435
241
2
806
420
769
420
166
217
39
39
275
275
807
808
808
467
217
161
779
782
296
51
809
810
51
296
296
810
809
2
809
98
2
2
2
2
2
2
2
811
812
813
46
407
814
46
815
814
107
816
439
817
811
3
814
543
812
774
13
753
713
740
560
818
388
814
814
819
52
814
706
820
197
821
822
218
714
343
714
217
217
217
217
683
410
410
823
731
525
521
824
521
825
826
827
828
829
829
252
830
179
819
126
46
46
46
107
46
461
46
831
46
832
831
832
89
231
14
231
833
43
246
831
285
287
776
287
834
180
309
285
835
287
602
836
837
838
839
837
16
25
840
841
841
25
349
2
118
69
349
349
349
387
842
722
723
38
805
806
795
782
782
293
807
843
217
148
844
845
510
846
847
418
848
846
602
602
278
602
123
849
6
269
278
123
849
850
269
269
269
269
269
851
269
852
853
275
610
854
121
817
275
275
275
782
126
126
468
784
785
855
856
206
753
857
858
859
89
676
464
18
113
125
527
860
852
804
193
854
443
375
2
2
51
296
51
861
296
126
252
14
14
229
862
229
432
14
14
468
113
84
435
113
564
468
468
432
237
103
88
88
779
39
275
275
6
2
6
863
698
252
733
864
864
6
865
865
435
866
217
426
826
867
126
231
551
868
869
52
217
217
217
645
426
855
426
855
426
426
293
13
263
263
858
109
870
384
464
871
435
858
828
265
872
265
873
317
317
856
874
856
858
856
109
14
875
866
89
88
564
84
84
113
347
784
784
784
435
855
873
317
313
110
110
46
753
125
413
876
128
265
723
877
89
14
14
109
2
231
804
804
527
52
317
61
88
275
39
317
275
480
88
878
13
837
46
814
188
449
879
767
338
879
449
349
837
349
2
69
118
463
433
118
69
349
349
349
349
349
349
349
46
46
241
46
148
46
46
241
880
881
349
349
418
148
848
882
846
304
304
111
219
880
219
883
408
278
884
278
849
278
885
884
886
269
269
887
854
817
6
817
817
883
817
423
883
193
886
888
193
450
450
46
46
148
2
814
814
814
774
889
824
843
428
890
891
454
143
217
456
824
892
825
829
829
893
825
829
714
426
527
714
714
217
217
217
217
750
136
417
435
417
25
776
286
188
286
841
602
602
836
836
836
837
894
16
17
894
841
840
16
16
895
895
895
338
2
896
407
338
309
896
91
407
897
2
410
897
349
319
898
241
420
2
30
899
420
241
769
2
769
806
420
420
420
420
420
420
161
79
240
275
309
807
900
103
2
890
467
891
217
217
217
217
418
901
845
293
278
602
278
602
123
123
123
902
602
269
849
423
269
193
408
852
887
408
903
903
888
6
6
238
121
423
161
38
238
121
121
865
435
855
435
480
872
872
865
859
858
859
809
14
384
121
2
2
2
904
905
489
2
6
906
431
431
907
7
817
791
593
817
908
200
2
909
910
911
789
452
912
910
153
897
897
913
102
435
479
897
914
804
769
241
420
769
769
240
420
275
843
807
2
807
807
807
506
567
843
103
915
217
217
753
892
452
824
822
916
826
714
822
337
3
714
714
822
714
917
714
714
714
714
714
714
714
120
714
217
110
236
313
313
110
413
564
2
413
360
918
785
785
468
188
761
836
837
919
837
894
839
75
407
183
879
767
407
338
25
25
16
16
895
349
789
241
241
349
241
349
349
148
920
46
46
921
789
800
922
914
906
914
923
924
925
293
817
924
467
304
219
123
423
121
317
926
317
275
692
779
779
692
275
275
873
927
928
14
14
2
2
375
917
329
816
329
329
902
329
811
80
217
217
822
822
2
120
442
867
217
136
426
825
893
867
128
143
929
863
715
930
52
527
717
90
252
931
88
14
113
432
113
468
468
121
826
107
68
241
46
68
13
13
753
513
753
13
932
814
813
932
39
275
413
518
413
928
317
933
2
419
873
13
110
110
413
934
935
936
723
753
692
937
722
858
317
873
874
89
784
870
14
89
88
938
432
785
785
275
317
275
275
620
432
620
432
433
692
437
275
39
317
855
435
939
609
554
432
789
914
435
435
46
46
544
13
547
46
89
46
832
832
832
231
940
941
940
941
941
89
231
240
420
264
795
161
525
714
824
520
3
750
46
814
407
814
902
692
780
942
88
613
456
943
814
2
269
275
915
821
858
480
435
944
941
941
941
286
25
278
407
89
89
68
46
832
89
833
89
856
217
217
750
25
841
332
883
296
2
854
108
945
904
439
2
2
811
811
811
2
329
2
816
811
811
811
811
329
329
250
917
811
790
811
120
593
593
909
909
946
7
7
80
947
7
948
789
949
950
951
842
952
800
789
910
907
953
822
217
714
822
714
300
300
217
217
217
217
217
217
750
217
217
217
217
217
217
217
136
136
136
136
136
826
829
824
826
892
867
829
829
426
826
266
867
892
954
714
521
423
836
449
896
955
329
329
408
852
2
2
2
2
263
329
329
123
805
269
269
269
269
610
121
956
6
817
817
6
817
817
423
957
817
817
958
121
193
121
883
423
423
121
959
121
121
853
805
132
806
769
891
753
960
941
833
110
663
543
468
543
620
619
928
317
317
435
941
387
832
432
468
84
814
89
13
241
46
46
14
870
46
46
832
961
832
832
960
153
780
13
277
939
360
556
468
432
619
13
13
544
397
13
13
46
46
89
13
89
815
107
68
107
68
107
832
68
832
832
46
961
814
832
832
832
832
832
89
833
7
941
763
2
836
188
901
962
963
269
6
956
121
126
715
121
123
123
123
915
191
217
720
964
847
925
965
925
551
800
407
349
89
801
89
13
231
13
13
897
269
269
269
523
113
807
564
407
966
811
917
593
811
902
787
2
921
954
785
360
43
407
513
753
269
967
967
967
891
125
870
360
964
293
123
925
269
79
829
161
782
794
968
969
510
856
892
79
891
103
843
217
217
970
265
80
785
785
417
836
753
275
345
889
660
560
317
317
125
360
673
928
692
722
784
125
229
417
836
841
833
971
807
782
924
924
924
349
924
217
217
846
972
278
269
973
753
560
889
767
767
914
435
773
470
974
103
785
278
841
925
79
240
807
890
890
43
217
564
613
206
206
206
206
435
241
14
975
858
976
976
518
860
977
937
877
941
229
927
424
560
613
889
123
286
978
25
278
278
16
338
123
974
188
188
188
836
278
278
278
839
837
16
34
348
65
113
464
902
560
850
831
771
776
132
34
387
2
979
836
774
841
28
241
964
317
980
780
835
895
14
928
785
241
925
422
107
450
14
107
981
107
148
982
2
107
622
476
231
13
349
753
753
110
983
148
148
148
126
349
349
349
349
148
148
148
349
346
984
128
852
126
229
252
141
765
424
132
125
960
89
910
794
694
955
88
171
34
2
348
980
985
789
287
229
914
914
241
332
229
107
346
103
34
107
107
107
107
2
107
107
986
46
776
411
411
107
46
46
107
776
169
987
776
300
263
148
461
902
107
91
983
148
148
610
153
988
897
411
981
461
107
240
339
984
435
701
837
461
107
89
14
989
753
776
776
411
411
753
753
293
340
2
990
107
98
476
244
193
813
349
583
622
432
701
274
346
740
583
983
701
983
476
13
18
286
461
289
89
701
435
407
285
991
236
983
833
52
618
435
409
25
6
703
46
102
476
345
113
925
545
358
407
285
407
992
2
358
971
348
863
941
461
401
108
673
404
43
231
993
43
43
208
108
358
43
277
868
252
994
141
722
413
472
995
237
9
413
413
413
413
413
413
472
472
785
991
991
991
991
312
23
419
110
2
169
107
169
172
446
46
815
2
46
46
815
46
46
2
46
461
583
68
351
46
46
289
461
289
289
461
351
31
31
322
31
25
175
692
311
311
311
348
996
348
348
169
2
172
169
776
75
169
280
997
75
280
75
75
498
686
895
285
387
349
348
348
91
348
241
69
348
450
450
998
998
450
103
450
610
852
408
408
856
907
907
907
999
886
907
467
907
612
300
467
612
467
1000
1001
293
120
309
120
138
997
309
309
997
1002
34
1002
34
997
34
1002
1002
229
676
820
426
312
914
1003
2
66
66
66
66
66
426
478
426
426
66
967
370
967
478
478
229
478
1004
2
756
2
241
370
2
370
370
370
66
300
754
387
1005
265
872
265
437
1006
282
252
139
413
522
317
105
312
89
692
413
75
110
351
938
89
347
895
285
387
765
35
103
370
9
317
351
815
105
351
105
478
420
2
2
2
312
2
370
673
1007
37
103
1008
527
692
409
996
351
236
241
761
624
1009
178
4
4
46
348
107
148
348
66
61
148
46
2
461
358
291
1010
143
229
348
348
349
348
349
348
126
1011
348
819
535
907
440
358
792
348
358
1012
229
478
823
426
186
683
258
88
449
773
773
763
310
650
703
1013
88
236
362
25
362
346
346
328
389
389
389
389
358
346
346
413
390
413
856
2
85
2
2
610
252
939
602
328
146
263
63
163
1014
1015
34
349
69
1016
231
319
17
338
243
34
171
194
529
83
312
676
1017
366
143
17
689
189
78
189
25
307
379
961
379
1018
231
1018
1018
1018
13
41
2
2
2
2
131
2
14
1019
205
1018
1018
231
14
1018
1018
109
380
1018
165
366
366
366
33
189
378
61
378
322
255
25
379
563
379
379
141
1020
379
379
379
832
334
1021
186
131
295
92
1022
1023
213
955
385
328
2
156
69
138
159
61
61
125
73
73
73
46
46
61
73
851
131
125
809
125
231
32
153
592
110
1024
77
183
183
183
70
70
163
1025
1026
14
290
34
1027
348
476
902
215
1028
46
257
476
1029
1029
1029
106
267
14
318
113
135
1030
14
763
34
46
110
344
267
257
68
136
2
43
257
476
476
1031
420
35
2
61
331
105
837
104
104
104
104
108
852
1032
868
906
28
25
208
545
104
131
88
14
397
186
66
527
129
35
35
244
809
1020
79
336
440
1033
1034
183
4
155
184
216
323
1035
360
863
360
646
125
133
1036
181
33
61
75
32
78
1037
357
1037
1038
2
372
319
255
255
170
765
29
379
391
109
1038
1038
604
237
126
1021
559
380
884
884
68
78
885
885
1039
1039
1039
268
1039
203
203
203
203
41
245
245
245
1039
7
389
449
213
356
1040
359
1041
1041
1041
1041
1041
1041
1041
1041
1041
1041
113
148
390
2
229
109
109
78
113
1042
13
312
213
91
1043
1043
1043
1043
32
213
356
356
2
356
32
32
69
63
378
384
103
955
372
955
78
203
2
382
368
382
159
191
1044
1044
1018
91
1044
33
694
374
374
267
389
237
390
626
236
61
1044
621
131
2
268
1045
1018
126
1007
1046
613
227
318
318
613
107
107
543
543
1047
437
873
318
873
873
318
543
512
873
318
318
318
318
543
61
61
1044
1048
168
543
168
164
113
695
695
437
289
289
1049
1049
212
335
543
1044
212
1
213
69
1050
292
1051
61
69
212
179
