137
31
31
6
168
48
48
196
35
123
55
20
101
169
167
169
169
20
75
169
59
91
151
194
194
194
194
194
22
169
169
179
20
49
48
95
75
94
170
35
90
90
26
131
131
41
91
130
91
41
125
166
32
166
129
11
11
200
14
14
14
14
14
131
200
130
130
130
130
108
35
99
99
91
99
98
129
42
205
194
75
194
150
55
150
55
108
143
130
121
37
32
26
14
63
26
196
63
26
32
55
72
70
72
35
59
114
152
108
82
134
194
47
194
197
197
197
197
197
197
197
143
197
152
152
152
152
152
143
156
143
143
130
130
14
168
154
91
166
63
91
32
32
13
150
130
130
196
5
40
5
22
151
22
116
147
75
188
146
35
170
170
47
166
170
170
91
170
170
170
170
20
14
130
37
170
170
166
48
59
20
151
14
59
165
59
116
75
55
46
59
165
59
108
41
194
143
177
35
63
195
48
63
63
196
35
35
35
173
38
86
168
91
91
91
61
124
32
32
91
97
193
80
143
143
143
143
55
55
91
91
91
91
91
194
194
194
194
194
194
194
194
194
70
70
26
26
13
26
26
26
26
26
26
72
72
194
157
42
156
14
63
123
63
46
57
157
186
195
101
35
98
194
194
194
194
12
12
12
179
63
148
92
24
137
99
13
134
99
14
32
41
154
32
32
32
32
32
32
177
6
46
76
139
50
194
194
146
35
210
41
205
205
177
181
152
177
177
177
177
20
123
91
168
72
91
86
21
130
72
70
35
91
70
75
198
188
32
198
186
72
198
72
61
75
32
85
32
14
198
32
134
192
146
72
91
179
72
186
72
91
70
35
32
91
186
85
85
32
193
72
72
72
137
153
16
63
63
151
93
179
140
57
85
210
116
210
19
189
35
41
94
134
189
166
130
41
199
165
179
29
17
92
166
41
79
153
130
130
55
22
14
76
200
200
143
121
130
154
130
177
92
194
137
130
151
26
173
102
97
70
179
152
143
177
177
177
177
177
177
14
31
31
81
81
143
91
31
31
31
197
197
116
31
31
31
17
31
14
108
151
151
142
59
142
142
59
183
48
183
47
165
165
165
165
165
165
165
176
176
176
176
176
176
176
176
104
176
79
142
31
31
98
91
91
81
31
91
31
143
143
35
168
168
130
50
92
92
92
166
191
32
32
143
143
134
134
32
134
150
82
20
91
14
14
63
205
205
205
16
16
16
76
194
14
102
20
41
179
176
176
176
143
200
200
35
151
151
52
24
130
193
50
75
32
13
41
60
41
144
41
91
115
91
112
165
91
112
26
133
133
133
22
22
22
22
22
22
84
177
130
91
130
63
63
63
91
91
91
14
12
177
143
143
22
195
143
22
84
50
177
50
50
152
195
195
84
70
195
70
147
147
90
92
177
63
177
177
173
22
22
32
55
32
104
137
55
13
137
191
30
30
30
37
129
129
129
41
41
205
41
41
41
41
20
26
91
41
95
41
90
90
177
125
164
41
41
41
79
17
17
41
17
17
17
95
170
131
166
41
130
130
173
101
168
20
37
170
92
143
10
63
91
91
165
91
91
101
101
32
101
14
14
86
86
63
86
63
12
101
86
86
137
48
12
165
42
32
156
86
86
168
61
106
35
47
91
91
179
130
130
61
32
32
130
130
130
130
130
130
170
41
57
55
99
46
131
133
22
55
41
41
41
40
82
82
131
170
131
131
166
173
82
82
35
151
131
151
131
176
61
61
61
109
116
97
82
90
90
151
90
176
166
166
167
167
42
42
81
181
133
123
22
173
76
50
179
63
63
115
130
68
167
22
63
35
168
55
20
168
166
176
108
108
168
20
99
20
91
179
179
179
180
64
93
200
131
35
131
41
41
209
166
130
108
176
176
176
185
20
170
131
8
131
17
95
95
41
47
91
166
176
176
176
134
90
90
151
123
166
166
147
147
147
147
32
63
97
166
115
166
166
176
176
61
176
168
168
49
205
176
176
176
5
94
101
181
22
22
131
131
131
131
131
131
131
131
17
151
20
131
200
151
131
168
200
200
200
200
99
131
170
131
180
6
200
13
168
35
20
20
200
102
32
20
34
26
131
170
131
131
131
17
86
116
22
5
55
14
20
116
137
90
130
20
30
195
108
154
172
75
14
72
92
137
49
91
130
70
6
194
194
41
194
41
41
40
50
142
180
92
55
143
143
143
143
143
165
165
165
165
165
165
165
130
92
168
72
91
64
32
154
13
75
61
165
35
50
50
41
205
205
205
35
41
41
205
205
151
41
187
20
41
41
6
20
20
20
20
20
143
12
13
13
12
12
12
169
169
14
168
168
168
14
168
168
14
14
11
91
91
47
194
194
49
194
194
194
194
159
194
46
14
180
61
46
50
5
169
169
169
169
99
99
143
22
32
22
32
22
24
52
52
52
181
41
41
41
41
70
14
63
59
17
17
70
179
91
194
32
17
59
70
123
91
41
14
70
93
93
14
68
187
115
59
41
41
168
71
70
75
193
35
95
14
41
14
22
14
41
41
35
41
75
63
70
57
194
117
57
99
52
14
156
105
91
91
20
20
35
35
14
43
117
143
9
143
9
151
85
75
198
91
125
125
90
180
154
55
130
55
152
152
52
52
52
52
12
123
41
41
99
32
152
55
152
55
91
101
63
199
26
63
13
13
43
43
131
131
131
76
76
168
13
63
20
20
35
20
20
20
123
123
123
123
123
123
123
125
180
144
176
176
48
48
48
48
48
91
48
48
180
48
48
180
180
180
180
180
180
180
180
14
92
90
90
90
52
52
52
12
130
130
91
91
91
165
165
165
165
165
115
159
14
14
179
159
147
147
147
195
52
52
70
70
70
70
70
70
22
198
198
177
168
11
20
116
32
165
162
165
165
166
166
41
130
14
14
194
194
72
205
197
35
14
14
14
14
14
57
52
52
52
52
52
52
165
13
13
162
165
13
162
165
165
165
162
13
26
26
13
198
198
198
198
198
185
32
41
10
42
165
165
165
165
165
165
165
165
165
165
165
162
165
165
26
13
26
26
91
48
91
91
48
49
49
49
49
48
48
91
90
90
63
63
22
22
22
166
117
49
131
22
22
22
91
49
20
193
166
14
99
52
146
32
32
31
170
91
91
41
13
91
12
170
91
13
170
13
12
12
55
13
170
12
140
81
170
14
12
108
145
13
13
41
12
91
166
13
186
145
40
40
137
12
48
35
14
13
40
37
165
48
186
12
137
116
145
165
165
166
47
61
57
131
108
41
165
14
48
31
47
31
179
9
47
179
61
47
179
166
166
166
166
166
152
48
31
31
31
48
95
116
86
13
165
179
10
10
144
138
138
138
138
144
144
138
35
146
22
131
170
37
37
40
40
86
12
108
40
40
40
66
55
61
120
162
187
134
200
26
159
200
200
154
154
52
13
130
63
61
53
32
32
46
31
31
31
145
154
63
99
41
41
41
130
130
146
146
146
32
99
32
32
152
152
186
12
12
12
12
12
12
12
12
12
12
12
12
12
12
12
12
12
12
12
12
12
12
12
12
12
12
12
12
12
12
12
12
143
143
143
143
143
143
143
143
143
143
143
143
143
143
143
143
143
143
143
143
143
143
143
143
143
150
143
143
143
143
150
143
143
143
150
150
150
150
150
150
150
150
150
150
150
150
150
150
150
150
150
150
150
152
150
11
11
11
11
162
162
162
162
57
162
162
68
68
57
68
130
68
68
68
105
105
105
130
130
130
130
130
130
130
130
130
130
130
130
130
130
130
130
130
130
130
130
130
130
130
130
150
150
150
150
150
150
152
154
150
156
156
156
156
156
94
94
94
94
94
94
21
94
94
94
94
21
21
21
21
17
17
17
17
17
17
17
17
17
17
17
17
17
17
17
17
17
59
17
59
17
17
59
59
59
59
59
59
59
59
59
59
59
59
146
146
146
59
146
92
92
92
92
92
92
92
92
92
92
92
92
92
92
92
92
123
123
158
126
92
92
92
92
92
92
92
92
92
92
158
158
158
158
158
158
158
158
158
158
63
158
158
158
158
158
158
146
146
146
146
146
146
146
146
146
146
146
146
63
146
146
146
146
146
146
146
146
146
146
146
63
63
63
63
192
192
50
146
146
146
50
146
50
50
50
50
50
50
50
50
50
50
50
50
50
50
50
50
50
123
50
50
123
50
50
50
50
50
50
50
50
50
8
8
123
8
8
8
8
8
8
97
97
97
97
97
97
97
97
97
97
97
156
156
156
156
156
156
156
156
156
156
156
156
156
156
143
156
143
13
97
97
97
143
143
143
143
143
156
156
13
156
156
156
13
156
156
156
197
197
13
197
13
13
13
13
13
13
13
13
13
13
13
13
13
13
13
13
13
13
13
13
13
13
13
13
13
13
13
13
99
123
32
32
32
32
32
32
32
32
32
32
32
32
32
32
32
32
32
32
32
32
123
123
32
32
32
32
32
32
123
123
123
123
123
123
123
123
126
123
123
123
123
123
123
126
123
123
123
123
123
126
123
123
123
126
12
12
101
101
101
98
101
101
101
101
101
101
101
101
101
101
101
101
101
101
101
101
101
101
101
101
101
101
101
101
101
101
12
12
12
12
12
165
165
22
165
165
165
165
87
159
159
159
159
111
111
111
111
22
22
22
22
22
22
22
22
22
22
22
22
22
22
22
22
56
55
154
55
55
55
55
55
82
82
82
179
13
13
13
13
13
13
13
13
13
159
111
154
154
146
111
111
111
111
111
144
144
144
146
144
144
144
144
144
57
57
159
159
61
159
61
61
130
146
146
146
146
146
146
130
146
130
130
130
94
94
94
94
174
174
92
94
143
92
174
162
162
174
174
158
143
143
143
143
143
143
143
143
143
66
146
146
66
146
146
66
146
66
66
66
66
66
92
66
66
66
66
92
66
66
92
66
92
66
93
92
92
92
92
92
92
92
92
92
92
92
92
92
92
92
92
92
92
92
92
179
92
180
179
179
179
179
179
179
179
179
180
180
179
61
62
62
101
101
101
62
62
62
62
62
61
62
62
62
62
62
62
62
61
62
108
108
108
50
108
108
108
108
108
108
108
104
50
50
50
50
50
50
50
50
50
62
61
62
62
62
63
62
31
31
165
31
165
165
165
165
165
165
165
165
165
87
165
165
165
169
87
165
87
87
87
87
87
87
87
87
87
87
87
87
87
87
87
87
87
87
118
87
50
168
168
168
168
168
168
168
168
168
168
50
168
50
140
140
140
50
50
50
50
50
50
118
168
50
50
118
118
118
118
168
118
118
118
118
168
168
168
168
168
168
168
168
168
168
168
168
168
168
168
168
168
168
168
92
50
104
104
104
104
104
104
130
104
104
104
130
104
130
130
130
130
130
48
130
130
48
130
130
48
48
48
48
48
48
48
130
48
48
48
48
48
48
48
48
48
48
48
48
50
50
50
130
130
48
48
130
130
130
198
130
130
130
130
48
130
48
48
48
48
48
48
48
107
179
179
26
179
107
108
108
108
108
84
48
84
107
108
84
84
84
84
84
84
84
84
84
84
56
84
84
84
84
84
84
84
84
84
84
84
84
56
56
56
56
56
108
56
108
56
56
108
108
108
108
108
108
108
108
108
108
108
108
108
108
108
108
107
108
108
108
108
107
140
140
140
140
140
140
140
140
140
140
140
140
140
31
26
31
31
31
31
31
191
152
31
31
31
31
31
31
31
152
31
191
152
152
152
152
152
152
152
152
152
152
152
152
67
152
152
115
115
115
115
115
67
67
67
140
67
140
70
140
140
140
140
140
140
140
140
140
140
140
140
140
140
140
108
108
140
140
108
108
108
108
108
108
108
108
32
32
26
26
32
26
32
26
26
26
26
26
26
26
26
26
137
26
26
26
26
26
137
16
16
137
137
137
137
137
137
55
16
55
16
55
55
55
55
55
55
55
55
55
55
55
55
55
55
55
55
55
55
55
55
55
55
55
55
55
55
108
55
55
55
55
179
179
108
108
108
108
82
82
82
63
209
63
63
63
41
13
13
13
13
13
13
60
60
108
108
108
108
108
60
60
60
60
60
60
60
60
60
60
60
60
60
60
60
60
60
60
60
60
60
60
60
60
60
172
60
60
60
60
172
172
172
172
172
172
172
172
172
172
172
172
172
172
172
172
172
172
172
172
172
172
172
172
172
87
172
87
172
82
82
179
82
179
179
179
179
179
179
179
179
179
179
179
179
179
179
179
179
179
179
124
124
124
124
124
124
124
124
168
71
124
71
71
71
71
168
168
168
168
168
168
168
168
168
168
13
82
13
13
82
13
82
82
82
13
82
82
13
13
13
13
13
52
55
32
32
32
32
137
137
137
137
137
137
63
13
189
189
189
189
189
52
52
63
63
63
63
63
63
63
168
71
63
71
71
63
168
13
168
168
168
168
168
198
168
168
168
168
168
168
168
168
168
168
168
168
13
168
168
13
13
13
13
31
31
31
130
87
26
26
26
26
26
26
26
26
26
130
87
87
59
59
87
159
59
157
59
157
59
59
157
157
157
43
43
157
43
55
55
104
31
31
31
82
179
179
179
179
179
179
179
55
159
117
117
117
117
117
117
154
154
31
142
154
154
154
154
154
154
193
31
31
31
31
31
31
142
142
51
142
142
142
51
51
51
51
51
51
193
193
57
52
52
57
57
52
52
52
52
52
52
52
52
52
52
52
52
52
52
52
52
52
52
52
52
52
52
52
52
41
41
12
12
63
12
52
52
52
63
63
63
63
63
63
63
63
63
63
106
12
12
12
12
91
106
115
106
106
106
115
106
106
107
106
106
115
115
115
115
115
115
115
115
115
115
115
115
115
115
115
115
115
115
115
115
115
32
115
115
115
115
115
115
115
115
32
32
32
32
32
32
32
32
32
32
32
32
32
56
55
137
137
89
89
89
89
89
159
89
159
159
159
159
159
159
159
159
159
159
159
159
159
159
159
159
159
159
159
117
117
117
117
117
117
165
165
165
165
165
165
165
165
165
169
165
165
165
165
165
165
165
165
165
169
165
165
165
151
151
151
61
151
61
183
61
61
61
152
61
61
61
61
61
61
61
61
61
61
61
61
152
152
61
61
152
152
152
152
152
152
152
152
152
152
152
152
152
152
152
152
152
152
152
152
152
112
152
152
112
112
112
18
57
112
112
144
112
112
57
57
57
57
57
57
57
57
57
57
57
57
144
57
165
22
18
165
165
165
165
169
165
151
165
165
123
123
123
123
123
123
123
123
123
123
123
123
123
123
123
123
123
123
123
123
146
63
63
63
63
63
63
63
63
63
63
63
40
63
63
63
63
63
63
63
63
63
40
181
32
32
32
32
29
22
22
63
154
22
22
22
22
22
22
22
22
22
22
22
63
111
111
111
111
111
111
111
111
111
111
111
111
111
111
111
111
111
111
144
144
111
144
144
144
144
144
144
144
144
144
144
144
144
144
144
144
144
144
144
41
41
41
12
41
12
12
12
12
12
12
12
12
12
12
12
12
12
66
66
93
92
92
179
179
144
144
144
144
144
144
144
144
144
144
144
137
144
120
55
55
55
137
137
137
137
137
137
137
137
137
137
137
137
32
137
137
137
32
32
32
55
55
55
137
137
55
137
137
137
18
120
120
120
120
120
120
120
120
120
120
120
4
4
95
154
154
154
154
154
123
123
123
92
92
174
158
158
158
92
150
150
150
150
150
150
150
53
150
150
150
150
150
150
150
53
53
53
53
53
53
53
53
53
53
53
53
53
53
11
11
11
11
162
162
143
97
143
143
143
143
143
143
143
143
143
143
143
143
150
183
150
150
183
183
61
61
61
57
162
162
162
162
162
162
162
162
162
162
113
162
162
162
57
57
57
57
57
57
32
32
32
32
57
130
17
17
181
63
181
59
43
157
20
43
20
20
20
20
20
20
20
20
20
20
20
151
20
20
159
20
20
20
20
20
20
20
20
159
159
159
159
151
159
151
151
151
151
151
151
151
151
151
151
151
151
151
151
151
151
151
151
151
151
151
151
151
151
181
151
151
63
151
181
63
63
181
181
181
181
181
181
181
181
181
101
181
181
181
22
181
181
181
181
181
181
181
101
181
101
101
101
101
101
101
101
51
51
51
151
151
151
22
22
22
22
180
179
146
193
193
146
146
146
146
146
146
146
146
146
146
146
179
95
179
95
95
95
95
95
95
95
95
95
95
146
146
41
12
12
12
35
91
10
30
146
146
146
179
179
179
179
179
95
95
95
95
95
95
95
95
95
142
95
95
95
142
95
95
5
5
151
151
151
151
151
151
151
95
95
95
95
95
95
142
95
142
142
111
142
142
142
142
142
142
142
154
154
154
22
22
144
144
144
144
22
120
22
120
120
22
95
22
22
22
22
22
22
154
154
154
154
154
154
154
154
154
154
55
154
154
154
154
111
111
111
144
55
55
22
22
57
57
57
57
57
57
57
57
57
57
57
57
57
144
144
144
144
144
144
144
144
144
144
144
144
144
144
144
144
144
120
95
95
95
95
95
95
95
95
95
95
95
95
95
95
95
95
95
111
95
95
95
95
95
95
95
95
95
95
95
111
111
95
95
111
111
111
111
111
111
111
111
111
111
111
111
111
111
111
111
55
137
137
162
31
162
31
57
57
57
57
57
57
63
22
162
57
57
57
63
63
55
63
55
55
41
41
41
41
41
12
55
55
55
55
40
40
205
181
12
41
41
41
12
12
61
61
97
97
97
123
50
143
137
179
57
162
162
57
117
57
57
57
57
57
57
59
59
43
43
43
40
40
40
40
40
40
40
40
181
162
113
57
92
179
179
180
179
179
179
179
154
22
22
22
154
154
154
111
111
111
22
41
41
41
22
22
22
22
22
22
22
22
22
92
92
123
123
123
123
123
87
87
87
87
87
87
130
130
130
130
130
130
130
130
31
31
162
63
32
41
41
41
113
162
57
57
57
143
57
162
41
41
41
162
143
13
95
95
95
95
57
95
95
13
13
13
13
13
13
13
13
13
57
95
61
95
95
95
95
95
95
95
95
95
95
95
95
95
95
95
95
95
95
95
55
95
95
57
57
57
57
57
57
57
57
52
52
95
52
95
95
52
52
52
52
52
52
52
52
52
52
52
52
52
52
52
52
52
52
52
52
52
52
52
52
52
52
100
100
52
52
52
52
52
52
100
63
63
100
100
100
100
100
100
100
100
100
100
159
143
159
159
159
159
159
143
12
12
12
12
12
12
12
12
12
12
12
12
12
12
12
12
12
12
12
12
12
13
13
13
13
13
13
13
130
32
32
32
32
32
32
32
13
32
32
123
123
210
210
170
131
42
155
61
48
131
61
61
42
210
42
210
42
210
210
42
42
42
42
42
168
92
92
146
168
146
146
92
92
92
92
92
92
92
92
8
8
42
155
179
48
179
48
140
48
179
155
155
155
155
48
48
140
155
48
48
61
48
48
48
61
48
61
61
61
61
61
61
131
61
61
61
131
131
131
130
165
92
61
61
61
61
61
61
61
61
61
22
22
144
144
144
144
61
61
144
22
61
61
22
22
22
144
144
144
140
140
140
155
48
61
144
101
101
131
131
131
61
61
61
131
131
131
167
131
131
154
14
86
50
46
42
42
42
42
144
42
152
195
55
195
86
86
86
146
144
144
146
31
146
95
10
95
95
95
95
10
10
10
10
10
10
10
10
10
10
10
10
10
10
10
10
10
170
10
170
170
170
170
170
170
170
170
170
170
170
170
139
10
10
86
86
86
86
86
86
86
86
86
86
86
10
170
170
170
139
86
86
86
86
86
86
170
170
139
139
139
86
139
170
170
139
170
139
10
10
138
10
10
10
138
138
138
86
86
10
10
10
86
86
86
86
170
170
170
170
170
170
170
170
170
139
86
86
86
86
86
170
176
32
26
125
46
132
32
104
9
9
9
9
9
9
9
166
91
91
91
91
49
49
143
180
180
9
79
90
79
79
90
46
46
90
90
90
46
46
46
46
166
86
14
14
114
169
14
86
86
86
86
86
86
86
86
114
86
114
114
114
114
114
93
38
24
114
114
114
114
114
114
114
93
153
93
32
32
10
10
10
10
10
10
32
81
180
125
180
180
40
137
137
123
81
24
125
125
99
99
99
99
99
99
99
99
99
11
99
146
11
11
11
11
11
11
11
83
186
121
14
198
14
14
14
14
14
107
11
209
83
6
14
52
186
170
148
95
95
95
26
91
91
14
14
91
91
14
91
91
91
92
5
92
5
92
5
81
81
81
81
61
61
61
92
92
92
92
37
92
37
37
37
37
37
37
91
91
91
91
91
14
14
14
14
14
159
14
86
14
76
86
76
168
168
167
167
167
167
196
86
86
86
86
86
86
86
20
86
86
86
147
147
70
70
70
70
75
75
75
75
75
75
13
194
63
63
13
13
13
57
114
93
93
42
32
10
24
125
125
108
40
137
81
12
116
116
116
116
116
116
116
116
173
173
173
173
173
188
205
205
173
173
188
205
205
205
205
205
205
35
205
35
35
180
35
35
35
210
180
180
180
125
91
91
46
46
46
30
29
79
90
90
30
30
166
91
166
91
46
166
91
91
35
91
35
35
130
99
99
99
99
99
99
99
99
91
91
49
49
91
91
91
49
49
49
49
47
47
30
49
47
47
47
47
143
143
143
143
125
180
180
180
209
11
30
91
91
91
91
30
30
30
30
30
30
166
81
37
37
37
91
166
166
91
91
91
81
81
81
61
37
30
29
30
29
29
104
164
104
104
30
166
166
166
166
166
30
30
29
30
30
30
176
176
176
29
29
29
30
29
166
166
166
166
166
143
47
47
47
47
143
46
46
46
30
30
176
176
179
151
151
9
90
166
9
90
90
30
90
30
166
166
166
166
166
166
91
91
91
91
176
158
143
180
180
176
180
30
143
70
169
70
14
14
85
70
70
75
194
70
70
13
70
13
194
63
63
63
63
63
63
13
13
12
13
13
12
12
12
12
12
12
12
12
12
12
116
116
12
12
116
12
116
116
116
116
116
116
116
116
116
35
35
173
188
173
188
173
188
188
35
205
205
35
35
210
210
210
210
35
210
35
35
35
35
35
35
146
146
14
14
14
14
14
14
14
170
121
37
137
55
177
177
126
92
81
92
37
37
37
37
37
37
37
37
5
37
92
5
5
81
81
81
81
129
80
195
30
195
75
86
86
85
86
75
147
147
147
147
147
70
70
75
70
70
75
75
75
75
75
75
75
194
194
194
194
194
20
194
63
194
38
194
63
38
13
185
38
10
10
10
93
93
10
10
10
10
10
10
10
10
10
10
10
10
24
24
24
180
40
40
123
145
82
177
123
177
81
81
81
81
116
116
116
108
173
173
173
173
173
173
173
173
173
205
188
35
205
35
35
35
35
35
35
35
35
210
210
35
35
35
24
41
35
35
35
30
30
30
30
30
30
30
30
30
30
30
99
166
166
35
99
99
99
99
99
99
11
209
114
187
187
114
186
209
114
209
209
186
41
186
186
114
114
114
92
114
114
185
38
38
114
185
32
33
38
38
93
10
10
10
10
10
24
10
125
137
40
40
40
40
40
55
55
137
145
177
81
81
92
37
92
37
5
37
37
5
5
5
5
5
5
5
5
5
5
5
5
5
5
5
5
184
5
81
151
179
179
179
151
9
9
9
9
90
90
46
46
46
85
86
147
70
70
70
70
70
70
194
70
70
75
194
194
75
75
75
75
75
13
114
13
13
13
13
13
13
13
114
12
12
114
114
114
114
38
114
38
93
177
24
108
210
177
123
116
116
173
35
35
176
35
176
180
180
125
125
180
180
180
176
176
176
166
166
99
99
99
6
34
107
34
34
186
34
83
114
81
81
5
5
184
184
105
37
81
80
37
37
37
37
91
91
91
91
91
91
91
91
91
91
91
91
143
49
49
49
49
47
49
35
37
14
14
14
14
14
148
148
95
148
95
148
121
14
121
121
180
180
9
90
9
176
176
9
9
179
176
164
151
151
9
90
90
90
90
90
180
90
90
30
176
176
29
166
46
169
166
166
166
166
46
46
46
180
176
125
180
47
47
47
47
47
180
143
180
180
176
30
30
91
47
48
47
114
38
32
32
14
14
169
169
167
14
168
14
76
76
76
168
196
167
196
167
167
167
168
24
10
32
24
24
92
5
37
92
5
131
14
14
198
14
199
181
132
121
148
26
95
121
14
14
205
180
177
92
30
30
30
38
167
167
167
86
75
147
194
169
169
14
14
76
168
167
167
33
81
81
129
75
75
24
35
99
11
35
130
99
99
11
11
11
83
83
83
11
34
11
107
83
83
83
83
34
34
84
6
83
114
83
187
209
209
186
186
114
186
186
114
114
186
114
114
114
114
114
114
114
114
114
114
114
114
5
81
5
5
5
61
61
81
81
81
81
81
81
129
81
81
81
81
81
81
81
80
80
80
80
80
37
37
37
37
37
37
37
37
37
37
37
37
37
37
5
92
35
147
70
194
188
34
34
35
35
99
11
11
11
108
34
34
173
32
205
205
205
205
35
35
210
210
210
210
210
210
210
35
210
210
210
210
35
35
35
35
35
35
35
35
35
35
35
32
32
10
10
177
90
167
167
167
151
9
49
49
49
47
47
176
176
176
30
167
47
76
47
47
47
14
169
169
14
14
14
169
169
14
14
76
76
76
76
167
199
132
148
95
91
91
48
47
47
47
169
169
169
169
169
169
14
14
169
169
169
14
14
14
14
14
14
76
14
76
76
14
76
14
76
76
76
76
76
167
167
196
167
86
86
147
85
116
205
173
205
210
210
35
93
93
35
173
173
173
177
123
81
144
116
116
24
24
24
166
114
194
13
166
114
166
166
166
166
166
38
205
205
205
90
46
40
9
198
166
83
6
209
83
186
114
186
114
37
46
91
131
198
148
95
205
177
177
177
177
166
169
91
116
108
173
24
205
24
37
24
125
38
38
114
114
33
37
24
177
145
137
81
81
114
30
114
46
46
195
147
90
180
166
121
22
26
176
176
166
91
91
176
180
90
46
166
91
195
147
75
167
95
40
180
177
177
177
13
177
81
81
116
116
173
205
116
95
26
121
170
170
38
32
86
97
147
147
46
147
75
24
24
24
40
177
177
177
81
9
26
79
79
79
79
32
10
167
90
30
90
90
90
90
30
90
30
167
91
176
146
26
26
121
173
86
86
75
147
147
75
194
173
147
85
85
85
147
147
147
147
70
70
75
41
12
121
46
166
199
26
205
86
86
86
32
41
63
194
167
147
170
75
35
13
116
176
20
132
86
75
168
176
46
10
24
138
14
146
165
12
86
12
12
38
12
12
52
99
168
168
13
95
95
151
210
13
13
13
91
13
13
13
13
13
13
13
13
209
209
91
35
91
91
91
91
91
148
32
166
167
166
114
38
93
188
166
33
38
12
13
20
91
114
86
91
38
38
10
24
95
14
209
144
41
14
14
14
14
14
14
14
37
14
86
57
57
14
14
14
14
86
76
86
86
61
108
13
159
173
12
63
210
13
13
35
187
114
38
57
86
159
12
24
41
209
30
208
70
159
12
168
170
180
95
86
86
57
57
95
95
108
40
86
38
12
131
99
115
35
121
12
26
52
46
208
208
209
95
26
210
210
210
99
148
93
86
159
159
166
208
30
186
86
46
179
210
167
91
116
30
165
75
30
30
14
185
99
165
46
24
166
46
186
86
186
91
31
48
91
12
91
167
159
170
130
91
145
131
168
50
131
131
130
130
46
131
91
91
91
91
91
91
9
97
91
143
179
9
9
9
9
9
9
97
97
46
46
46
46
46
179
179
179
151
14
76
14
76
159
21
14
14
14
14
14
14
14
14
14
14
159
26
14
168
14
14
159
159
159
159
159
168
26
26
147
26
68
181
181
20
20
20
13
13
13
13
76
14
159
76
86
70
76
20
38
70
20
70
70
87
57
75
86
63
13
12
12
63
13
12
63
13
146
146
191
191
146
146
146
35
35
35
35
35
114
114
114
99
35
114
126
114
62
61
126
62
126
114
114
108
187
123
187
55
38
123
123
38
38
38
38
38
38
38
38
38
91
91
91
37
125
38
55
37
37
37
37
37
37
37
32
37
37
37
177
125
177
32
32
92
32
92
10
61
10
10
125
10
125
125
125
37
61
61
61
61
30
30
30
143
91
143
91
91
9
143
176
47
125
165
180
9
17
151
166
166
166
143
75
86
63
91
91
143
125
179
176
165
14
53
170
53
32
10
10
10
10
125
10
180
91
91
91
143
91
91
180
165
13
170
179
13
86
63
115
168
168
168
14
13
14
13
13
37
152
14
14
14
159
52
168
91
91
91
13
13
13
13
13
12
91
91
13
91
91
114
57
52
114
12
52
114
93
32
92
37
61
61
50
143
59
86
86
86
108
112
30
70
143
179
70
75
70
42
42
102
165
165
165
165
52
42
42
9
162
9
35
35
197
200
200
32
94
91
173
102
26
108
31
99
30
116
38
13
63
91
166
185
71
194
144
38
50
153
180
134
179
91
91
52
91
70
20
146
35
146
72
64
76
76
76
166
166
166
166
166
166
32
32
32
31
31
32
165
165
29
166
166
166
166
165
166
166
165
166
166
35
52
52
52
130
146
26
157
26
147
195
70
76
57
76
76
91
91
76
76
76
76
14
91
61
32
91
91
91
91
196
196
91
102
194
194
63
55
148
156
156
166
31
31
31
14
14
152
31
35
32
168
99
168
168
131
195
55
151
91
72
71
71
71
26
26
99
104
68
49
86
41
117
12
99
199
102
168
9
22
99
24
24
24
20
41
49
176
47
193
57
49
86
41
14
151
64
41
22
14
80
14
129
22
99
99
99
10
91
14
154
116
53
70
170
170
170
170
130
35
91
91
114
35
68
130
166
170
32
143
168
168
61
37
91
61
91
91
115
99
91
59
70
57
194
48
71
168
35
198
97
97
91
91
91
91
61
168
91
41
70
131
157
72
131
35
130
32
130
20
194
52
185
186
186
137
91
91
76
198
165
20
20
179
143
91
91
179
168
196
196
14
35
48
48
42
42
42
41
42
41
41
41
41
32
112
112
112
42
200
162
59
185
99
48
181
40
40
40
40
40
40
40
40
40
40
50
13
165
32
91
166
166
35
47
166
166
125
199
63
131
131
131
131
131
197
99
99
32
99
177
177
63
143
26
166
146
196
52
196
35
41
194
180
41
180
143
179
35
35
168
63
35
130
91
41
41
41
165
143
162
61
179
155
35
52
32
32
41
41
166
91
91
37
26
176
176
176
26
14
14
46
46
61
143
176
176
176
176
176
49
144
176
176
176
176
176
49
152
152
35
35
30
50
30
30
50
91
91
143
159
159
99
99
92
49
52
35
92
137
194
61
61
61
166
155
63
92
91
