805
805
805
805
371
385
371
371
371
371
371
371
385
385
385
385
364
371
371
371
388
791
791
791
791
791
791
791
791
791
690
401
665
387
433
392
720
720
720
720
720
711
711
711
711
386
373
373
373
373
373
380
380
380
380
380
380
380
380
380
380
387
711
711
711
711
711
711
711
711
456
711
711
711
711
711
711
711
711
711
371
711
711
807
157
358
672
791
365
373
373
373
373
795
387
387
711
711
711
711
359
400
445
365
454
383
383
383
383
387
387
359
387
366
366
366
812
383
371
400
190
709
709
709
709
709
709
709
382
438
711
711
711
793
384
384
380
190
385
848
184
457
457
457
457
457
457
457
457
457
400
381
381
358
358
358
358
358
358
358
365
373
373
373
373
373
373
373
373
373
381
356
356
356
356
372
372
848
344
344
372
827
827
827
827
383
385
837
837
837
837
837
837
837
837
837
837
837
837
837
837
837
837
837
837
837
837
837
820
820
380
458
384
384
384
384
793
810
810
383
391
406
459
367
370
359
344
810
464
827
791
383
364
820
367
367
841
364
385
794
371
371
371
371
359
385
359
359
454
454
356
356
387
387
372
364
364
359
173
173
173
364
795
459
794
821
795
175
175
175
175
175
175
175
175
175
820
820
149
792
464
812
395
395
395
395
395
809
820
812
848
404
465
465
847
454
411
403
810
403
447
395
395
395
406
448
179
179
820
400
152
152
152
459
459
459
459
459
793
403
403
175
175
820
814
813
813
813
811
414
457
457
457
445
403
183
820
414
400
403
458
458
809
457
457
457
464
396
396
396
396
810
818
843
818
810
157
183
406
415
183
454
167
415
415
415
415
415
415
460
417
415
415
415
459
406
406
393
151
408
395
400
454
454
415
417
417
433
423
157
157
157
157
157
408
457
457
458
458
458
458
458
458
178
178
178
178
178
179
179
179
179
179
179
178
166
151
151
175
175
175
184
191
191
157
151
191
191
191
191
183
191
191
191
191
191
191
191
191
184
184
184
184
184
184
184
393
391
393
393
393
393
393
393
393
393
393
393
393
393
393
393
393
791
393
393
393
394
791
791
791
393
396
791
791
791
393
393
394
393
393
791
393
393
791
791
791
791
791
791
791
791
791
791
791
791
791
791
791
791
791
791
393
393
394
791
791
791
791
393
791
791
791
791
791
791
791
791
791
791
791
791
791
791
791
791
791
791
791
791
393
393
393
391
391
393
792
393
391
791
791
791
791
791
792
791
791
391
791
792
792
393
792
792
792
791
791
791
391
391
391
391
391
391
391
391
391
791
393
391
391
391
391
391
391
391
391
391
391
391
391
391
391
391
391
391
391
391
391
391
391
391
391
391
391
391
391
391
391
391
391
391
391
391
391
391
391
391
391
391
391
391
391
391
391
391
391
391
391
391
792
391
391
391
391
791
792
792
792
792
792
792
396
396
396
396
394
396
396
396
392
392
396
396
396
396
791
393
391
393
393
791
393
393
791
393
391
393
393
393
396
393
396
396
396
393
393
396
396
396
393
393
393
396
396
396
396
396
396
396
396
396
396
396
396
396
396
396
396
396
396
396
396
396
393
394
393
396
396
791
394
393
393
391
391
393
393
396
391
391
393
393
393
791
393
393
391
391
391
391
791
392
392
392
392
392
791
791
791
791
391
791
791
791
791
791
791
791
791
791
791
791
791
791
393
393
